1311878194.338155 1311878194.329554
1311878194.374270 1311878194.359236
1311878194.406574 1311878194.396290
1311878194.439904 1311878194.427630
1311878194.474341 1311878194.459673
1311878194.506276 1311878194.498786
1311878194.538257 1311878194.527933
1311878194.574203 1311878194.558884
1311878194.606201 1311878194.597895
1311878194.638184 1311878194.626949
1311878194.674335 1311878194.660629
1311878194.706671 1311878194.699673
1311878194.738262 1311878194.727659
1311878194.774175 1311878194.759065
1311878194.806388 1311878194.795788
1311878194.838267 1311878194.827761
1311878194.874122 1311878194.860156
1311878194.906162 1311878194.894979
1311878194.938235 1311878194.930022
1311878194.974214 1311878194.959099
1311878195.006349 1311878194.996534
1311878195.038170 1311878195.027534
1311878195.074121 1311878195.061778
1311878195.106255 1311878195.094824
1311878195.138441 1311878195.126832
1311878195.174269 1311878195.159231
1311878195.206448 1311878195.196629
1311878195.238271 1311878195.227154
1311878195.274164 1311878195.259620
1311878195.306470 1311878195.294553
1311878195.338213 1311878195.326844
1311878195.374269 1311878195.359161
1311878195.406029 1311878195.394867
1311878195.438050 1311878195.428052
1311878195.474232 1311878195.459888
1311878195.506356 1311878195.496459
1311878195.538378 1311878195.529627
1311878195.574459 1311878195.567770
1311878195.606206 1311878195.594919
1311878195.638287 1311878195.626723
1311878195.674186 1311878195.664376
1311878195.706186 1311878195.694746
1311878195.738201 1311878195.727431
1311878195.774488 1311878195.763173
1311878195.806204 1311878195.796096
1311878195.838010 1311878195.828782
1311878195.874257 1311878195.863694
1311878195.906202 1311878195.894665
1311878195.938120 1311878195.926412
1311878195.974264 1311878195.962454
1311878196.006352 1311878195.994649
1311878196.038129 1311878196.026398
1311878196.074360 1311878196.064390
1311878196.106326 1311878196.099597
1311878196.138421 1311878196.127820
1311878196.174374 1311878196.162687
1311878196.206127 1311878196.194474
1311878196.238260 1311878196.226502
1311878196.274193 1311878196.264456
1311878196.306228 1311878196.295266
1311878196.338204 1311878196.327095
1311878196.375281 1311878196.365191
1311878196.406342 1311878196.394977
1311878196.438533 1311878196.426386
1311878196.474320 1311878196.463731
1311878196.506414 1311878196.495481
1311878196.538251 1311878196.526093
1311878196.575066 1311878196.563869
1311878196.606211 1311878196.594759
1311878196.638325 1311878196.626973
1311878196.674182 1311878196.663865
1311878196.706269 1311878196.694636
1311878196.738692 1311878196.732904
1311878196.774138 1311878196.763266
1311878196.806328 1311878196.794288
1311878196.838398 1311878196.830506
1311878196.874222 1311878196.863118
1311878196.906132 1311878196.894985
1311878196.938143 1311878196.931301
1311878196.974342 1311878196.962315
1311878197.006229 1311878196.994622
1311878197.038157 1311878197.030180
1311878197.074170 1311878197.062073
1311878197.106340 1311878197.095151
1311878197.138417 1311878197.131350
1311878197.174156 1311878197.162445
1311878197.206149 1311878197.196413
1311878197.238433 1311878197.231313
1311878197.274108 1311878197.262133
1311878197.306065 1311878197.293925
1311878197.338164 1311878197.330589
1311878197.373957 1311878197.363305
1311878197.406878 1311878197.394105
1311878197.438201 1311878197.430801
1311878197.474238 1311878197.462628
1311878197.506176 1311878197.494250
1311878197.538448 1311878197.529952
1311878197.574811 1311878197.562710
1311878197.606070 1311878197.595152
1311878197.638206 1311878197.632011
1311878197.674071 1311878197.662786
1311878197.706190 1311878197.694001
1311878197.738523 1311878197.730804
1311878197.774050 1311878197.761950
1311878197.806087 1311878197.794095
1311878197.838274 1311878197.830043
1311878197.874322 1311878197.862106
1311878197.906486 1311878197.896164
1311878197.938271 1311878197.932032
1311878197.974019 1311878197.961954
1311878198.006153 1311878198.000989
1311878198.038635 1311878198.029994
1311878198.074031 1311878198.062043
1311878198.106322 1311878198.099249
1311878198.138386 1311878198.129880
1311878198.174366 1311878198.163229
1311878198.206660 1311878198.198469
1311878198.238497 1311878198.229862
1311878198.274149 1311878198.263023
1311878198.306371 1311878198.299498
1311878198.338540 1311878198.330328
1311878198.373959 1311878198.362220
1311878198.406170 1311878198.397786
1311878198.438262 1311878198.430432
1311878198.474218 1311878198.462681
1311878198.506218 1311878198.499218
1311878198.538311 1311878198.530340
1311878198.574543 1311878198.562492
1311878198.606319 1311878198.598241
1311878198.638628 1311878198.630457
1311878198.674049 1311878198.662002
1311878198.707316 1311878198.699543
1311878198.738725 1311878198.729875
1311878198.774061 1311878198.762650
1311878198.806248 1311878198.797852
1311878198.838460 1311878198.830037
1311878198.874237 1311878198.862615
1311878198.905987 1311878198.898057
1311878198.938208 1311878198.929795
1311878198.974165 1311878198.961889
1311878199.006161 1311878198.999155
1311878199.038251 1311878199.029670
1311878199.074228 1311878199.062146
1311878199.106422 1311878199.097533
1311878199.138235 1311878199.130313
1311878199.174805 1311878199.161917
1311878199.207173 1311878199.197846
1311878199.238266 1311878199.230695
1311878199.275876 1311878199.265628
1311878199.306226 1311878199.298465
1311878199.338154 1311878199.330424
1311878199.374050 1311878199.366333
1311878199.406276 1311878199.398346
1311878199.438010 1311878199.431224
1311878199.474152 1311878199.465844
1311878199.506248 1311878199.497866
1311878199.538271 1311878199.529993
1311878199.574176 1311878199.565636
1311878199.606309 1311878199.598235
1311878199.638106 1311878199.629983
1311878199.674155 1311878199.665687
1311878199.706001 1311878199.698693
1311878199.738017 1311878199.730476
1311878199.775401 1311878199.765877
1311878199.806250 1311878199.798064
1311878199.838004 1311878199.830114
1311878199.874440 1311878199.866064
1311878199.906103 1311878199.898092
1311878199.938266 1311878199.929760
1311878199.974272 1311878199.965905
1311878200.006189 1311878199.998073
1311878200.038184 1311878200.030176
1311878200.074132 1311878200.065840
1311878200.106321 1311878200.098313
1311878200.138348 1311878200.130089
1311878200.173964 1311878200.167002
1311878200.206327 1311878200.199017
1311878200.242002 1311878200.231422
1311878200.274169 1311878200.266068
1311878200.306230 1311878200.298340
1311878200.342066 1311878200.330344
1311878200.374151 1311878200.368863
1311878200.406487 1311878200.398428
1311878200.442312 1311878200.434191
1311878200.474507 1311878200.466346
1311878200.506740 1311878200.498635
1311878200.544672 1311878200.536074
1311878200.574557 1311878200.566278
1311878200.606124 1311878200.598405
1311878200.642380 1311878200.635101
1311878200.674795 1311878200.667358
1311878200.706045 1311878200.698529
1311878200.742351 1311878200.734406
1311878200.774100 1311878200.766227
1311878200.806161 1311878200.798358
1311878200.842140 1311878200.835064
1311878200.874186 1311878200.867210
1311878200.907425 1311878200.899246
1311878200.942493 1311878200.934718
1311878200.974314 1311878200.968052
1311878201.007926 1311878200.999570
1311878201.042338 1311878201.035233
1311878201.074135 1311878201.066766
1311878201.106946 1311878201.099427
1311878201.142269 1311878201.134620
1311878201.174037 1311878201.166758
1311878201.206851 1311878201.199011
1311878201.242552 1311878201.235659
1311878201.274041 1311878201.266359
1311878201.306315 1311878201.298402
1311878201.342130 1311878201.336659
1311878201.374078 1311878201.366513
1311878201.406381 1311878201.398950
1311878201.442332 1311878201.434368
1311878201.474243 1311878201.466487
1311878201.506263 1311878201.500473
1311878201.542159 1311878201.534530
1311878201.574598 1311878201.567670
1311878201.606014 1311878201.599712
1311878201.642096 1311878201.637284
1311878201.674092 1311878201.666248
1311878201.708205 1311878201.702225
1311878201.742188 1311878201.734551
1311878201.774384 1311878201.766411
1311878201.806059 1311878201.804182
1311878201.842070 1311878201.834891
1311878201.873911 1311878201.866902
1311878201.906078 1311878201.902366
1311878201.944113 1311878201.934876
1311878201.975026 1311878201.966367
1311878202.006238 1311878202.002476
1311878202.042289 1311878202.034083
1311878202.074246 1311878202.066733
1311878202.106190 1311878202.103529
1311878202.142538 1311878202.134750
1311878202.174269 1311878202.166847
1311878202.206055 1311878202.204344
1311878202.242099 1311878202.234317
1311878202.274419 1311878202.269973
1311878202.306286 1311878202.302356
1311878202.342174 1311878202.334355
1311878202.374111 1311878202.366089
1311878202.406054 1311878202.402955
1311878202.442042 1311878202.434908
1311878202.474733 1311878202.467250
1311878202.506062 1311878202.502225
1311878202.541995 1311878202.533854
1311878202.574243 1311878202.566422
1311878202.606016 1311878202.603568
1311878202.642195 1311878202.634680
1311878202.674125 1311878202.666456
1311878202.705989 1311878202.701575
1311878202.742139 1311878202.734435
1311878202.774116 1311878202.768364
1311878202.806033 1311878202.802526
1311878202.842065 1311878202.833846
1311878202.875331 1311878202.865921
1311878202.906074 1311878202.903446
1311878202.942067 1311878202.933911
1311878202.973958 1311878202.969768
1311878203.006251 1311878203.002027
1311878203.042060 1311878203.034124
1311878203.074065 1311878203.069847
1311878203.106633 1311878203.102237
1311878203.142803 1311878203.134534
1311878203.174238 1311878203.169913
1311878203.206098 1311878203.204276
1311878203.242220 1311878203.233625
1311878203.273968 1311878203.271837
1311878203.306276 1311878203.301427
1311878203.342073 1311878203.333960
1311878203.374071 1311878203.369721
1311878203.406354 1311878203.402052
1311878203.442198 1311878203.433924
1311878203.474247 1311878203.469971
1311878203.505994 1311878203.501971
1311878203.542092 1311878203.533569
1311878203.574198 1311878203.569564
1311878203.606251 1311878203.601574
1311878203.642340 1311878203.634674
1311878203.673979 1311878203.669606
1311878203.706026 1311878203.703154
1311878203.742438 1311878203.733906
1311878203.774002 1311878203.769692
1311878203.805973 1311878203.802296
1311878203.841862 1311878203.833954
1311878203.875365 1311878203.870876
1311878203.906100 1311878203.901839
1311878203.943005 1311878203.935846
1311878203.973857 1311878203.969753
1311878204.005977 1311878204.002698
1311878204.041993 1311878204.033962
1311878204.073949 1311878204.071139
1311878204.106130 1311878204.102202
1311878204.141982 1311878204.138193
1311878204.173937 1311878204.169936
1311878204.205872 1311878204.202867
1311878204.241957 1311878204.238436
1311878204.273915 1311878204.269671
1311878204.306004 1311878204.301566
1311878204.341849 1311878204.339252
1311878204.373845 1311878204.369856
1311878204.406011 1311878204.401610
1311878204.441928 1311878204.438469
1311878204.474041 1311878204.469943
1311878204.506315 1311878204.501673
1311878204.542053 1311878204.540007
1311878204.573878 1311878204.570218
1311878204.606140 1311878204.601879
1311878204.642074 1311878204.638029
1311878204.673973 1311878204.670448
1311878204.705931 1311878204.702566
1311878204.742051 1311878204.738536
1311878204.773947 1311878204.771436
1311878204.806110 1311878204.802037
1311878204.841912 1311878204.838245
1311878204.873973 1311878204.870017
1311878204.906126 1311878204.901842
1311878204.942080 1311878204.938560
1311878204.973963 1311878204.969944
1311878205.006151 1311878205.001985
1311878205.041933 1311878205.039072
1311878205.073962 1311878205.070645
1311878205.105855 1311878205.104054
1311878205.141948 1311878205.138548
1311878205.173954 1311878205.170315
1311878205.205991 1311878205.202300
1311878205.242002 1311878205.239674
1311878205.273921 1311878205.270692
1311878205.306204 1311878205.306283
1311878205.341998 1311878205.339254
1311878205.373930 1311878205.370320
1311878205.406303 1311878205.406319
1311878205.442034 1311878205.438415
1311878205.473974 1311878205.471084
1311878205.506390 1311878205.506396
1311878205.542071 1311878205.538794
1311878205.574020 1311878205.570929
1311878205.608181 1311878205.608190
1311878205.641830 1311878205.639078
1311878205.673969 1311878205.670664
1311878205.706275 1311878205.706291
1311878205.741858 1311878205.740611
1311878205.773951 1311878205.771302
1311878205.808989 1311878205.808994
1311878205.841994 1311878205.838272
1311878205.874019 1311878205.870593
1311878205.907346 1311878205.907468
1311878205.941947 1311878205.938338
1311878205.974067 1311878205.972250
1311878206.006333 1311878206.006406
1311878206.041987 1311878206.040059
1311878206.073888 1311878206.070405
1311878206.106154 1311878206.106163
1311878206.142035 1311878206.138019
1311878206.173770 1311878206.170861
1311878206.209247 1311878206.215331
1311878206.241923 1311878206.239335
1311878206.273922 1311878206.270806
1311878206.306840 1311878206.306847
1311878206.342000 1311878206.338650
1311878206.373928 1311878206.371031
1311878206.408370 1311878206.408388
1311878206.443025 1311878206.438617
1311878206.474074 1311878206.470675
1311878206.509106 1311878206.509119
1311878206.542974 1311878206.538558
1311878206.574152 1311878206.570611
1311878206.608181 1311878206.608193
1311878206.643524 1311878206.638690
1311878206.678248 1311878206.678274
1311878206.706723 1311878206.706778
1311878206.742016 1311878206.738502
1311878206.775756 1311878206.779545
1311878206.806557 1311878206.806564
1311878206.842519 1311878206.838936
1311878206.877963 1311878206.878008
1311878206.906723 1311878206.907159
1311878206.941933 1311878206.938577
1311878206.978366 1311878206.978132
1311878207.008265 1311878207.008156
1311878207.042220 1311878207.038842
1311878207.076555 1311878207.076598
1311878207.107441 1311878207.107720
1311878207.142368 1311878207.139999
1311878207.176458 1311878207.176480
1311878207.209246 1311878207.209256
1311878207.241936 1311878207.238421
1311878207.275118 1311878207.275129
1311878207.306859 1311878207.306871
1311878207.342489 1311878207.338795
1311878207.376941 1311878207.376954
1311878207.406744 1311878207.407832
1311878207.442028 1311878207.438664
1311878207.475541 1311878207.475575
1311878207.507174 1311878207.507181
1311878207.544523 1311878207.538769
1311878207.575033 1311878207.575041
1311878207.606578 1311878207.606973
1311878207.641861 1311878207.638718
1311878207.674813 1311878207.674560
1311878207.708313 1311878207.708395
1311878207.746534 1311878207.738601
1311878207.775512 1311878207.775517
1311878207.806360 1311878207.807662
1311878207.843730 1311878207.843739
1311878207.876201 1311878207.877044
1311878207.906310 1311878207.906327
1311878207.943993 1311878207.947325
1311878207.975923 1311878207.975933
1311878208.006370 1311878208.006376
1311878208.046120 1311878208.046129
1311878208.074510 1311878208.074516
1311878208.106489 1311878208.106496
1311878208.145419 1311878208.145427
1311878208.174622 1311878208.174661
1311878208.206761 1311878208.206769
1311878208.245251 1311878208.250188
1311878208.274405 1311878208.274414
1311878208.306352 1311878208.306923
1311878208.342505 1311878208.346961
1311878208.375134 1311878208.377380
1311878208.406517 1311878208.406526
1311878208.442454 1311878208.442461
1311878208.474738 1311878208.474747
1311878208.508484 1311878208.508489
1311878208.542428 1311878208.542432
1311878208.574565 1311878208.574574
1311878208.607020 1311878208.607027
1311878208.647008 1311878208.642409
1311878208.675637 1311878208.675645
1311878208.708205 1311878208.707688
1311878208.742303 1311878208.742310
1311878208.774910 1311878208.774916
1311878208.807627 1311878208.807636
1311878208.842557 1311878208.842562
1311878208.874663 1311878208.874686
1311878208.906621 1311878208.906630
1311878208.942420 1311878208.942425
1311878208.975866 1311878208.975875
1311878209.006512 1311878209.006520
1311878209.045198 1311878209.045489
1311878209.074457 1311878209.074461
1311878209.105912 1311878209.116657
1311878209.147271 1311878209.142966
1311878209.174682 1311878209.174711
1311878209.205844 1311878209.212243
1311878209.242533 1311878209.242548
1311878209.274689 1311878209.274703
1311878209.314053 1311878209.310453
1311878209.342531 1311878209.342631
1311878209.377351 1311878209.375832
1311878209.410848 1311878209.410921
1311878209.443029 1311878209.443038
1311878209.475616 1311878209.475627
1311878209.510446 1311878209.510457
1311878209.542609 1311878209.542796
1311878209.574684 1311878209.574694
1311878209.610662 1311878209.610674
1311878209.643243 1311878209.643250
1311878209.674355 1311878209.674367
1311878209.711947 1311878209.711828
1311878209.742604 1311878209.742615
1311878209.774248 1311878209.774258
1311878209.810498 1311878209.810748
1311878209.842596 1311878209.846097
1311878209.874230 1311878209.874236
1311878209.910397 1311878209.910404
1311878209.942622 1311878209.942629
1311878209.974645 1311878209.974665
1311878210.010438 1311878210.011191
1311878210.042541 1311878210.042554
1311878210.074306 1311878210.078256
1311878210.110443 1311878210.110450
1311878210.142208 1311878210.142214
1311878210.174309 1311878210.174314
1311878210.212859 1311878210.212870
1311878210.242548 1311878210.242591
1311878210.274577 1311878210.274626
1311878210.310598 1311878210.310606
1311878210.345963 1311878210.345979
1311878210.373736 1311878210.380909
1311878210.410604 1311878210.410620
1311878210.445005 1311878210.445019
1311878210.473703 1311878210.480520
1311878210.513259 1311878210.513264
1311878210.542619 1311878210.542627
1311878210.573923 1311878210.579682
1311878210.611041 1311878210.611050
1311878210.643915 1311878210.643920
1311878210.673789 1311878210.680567
1311878210.711975 1311878210.711980
1311878210.742085 1311878210.742096
1311878210.773875 1311878210.780981
1311878210.810359 1311878210.810467
1311878210.845242 1311878210.843852
1311878210.873711 1311878210.881220
1311878210.912014 1311878210.912022
1311878210.942510 1311878210.942522
1311878210.973963 1311878210.979325
1311878211.010316 1311878211.010324
1311878211.044346 1311878211.044390
1311878211.073872 1311878211.078437
1311878211.110659 1311878211.110785
1311878211.142757 1311878211.142770
1311878211.173849 1311878211.178778
1311878211.211868 1311878211.210543
1311878211.242563 1311878211.242597
1311878211.273802 1311878211.278690
1311878211.312296 1311878211.312308
1311878211.342385 1311878211.342409
1311878211.373888 1311878211.379993
1311878211.410528 1311878211.410536
1311878211.442793 1311878211.442803
1311878211.473798 1311878211.480649
1311878211.510484 1311878211.510543
1311878211.541947 1311878211.551131
1311878211.573701 1311878211.580567
1311878211.610406 1311878211.614192
1311878211.641799 1311878211.649595
1311878211.673851 1311878211.681325
1311878211.710950 1311878211.710955
1311878211.741811 1311878211.747850
1311878211.773934 1311878211.779888
1311878211.810307 1311878211.810328
1311878211.841878 1311878211.848562
1311878211.873870 1311878211.880176
1311878211.910785 1311878211.910817
1311878211.942015 1311878211.947300
1311878211.973829 1311878211.979150
1311878212.010605 1311878212.010613
1311878212.041796 1311878212.048004
1311878212.073994 1311878212.080138
1311878212.113665 1311878212.112395
1311878212.141856 1311878212.149662
1311878212.173798 1311878212.180766
1311878212.210466 1311878212.210472
1311878212.241720 1311878212.246595
1311878212.273807 1311878212.279028
1311878212.312379 1311878212.312394
1311878212.341926 1311878212.349243
1311878212.373799 1311878212.381384
1311878212.412007 1311878212.412083
1311878212.441886 1311878212.446773
1311878212.474419 1311878212.480677
1311878212.510702 1311878212.510709
1311878212.541733 1311878212.546764
1311878212.573940 1311878212.581982
1311878212.610848 1311878212.610989
1311878212.641790 1311878212.648666
1311878212.673658 1311878212.681087
1311878212.710652 1311878212.714850
1311878212.741742 1311878212.746589
1311878212.773905 1311878212.778990
1311878212.809772 1311878212.816887
1311878212.841879 1311878212.850413
1311878212.873844 1311878212.880111
1311878212.909886 1311878212.917711
1311878212.941693 1311878212.948067
1311878212.973909 1311878212.982026
1311878213.010031 1311878213.020061
1311878213.041743 1311878213.047562
1311878213.073870 1311878213.079349
1311878213.109979 1311878213.117165
1311878213.141953 1311878213.147946
1311878213.173831 1311878213.181845
1311878213.209638 1311878213.220436
1311878213.241878 1311878213.249541
1311878213.273741 1311878213.281032
1311878213.309913 1311878213.318554
1311878213.341900 1311878213.352224
1311878213.373870 1311878213.379369
1311878213.409914 1311878213.418725
1311878213.441774 1311878213.446551
1311878213.473805 1311878213.480620
1311878213.509932 1311878213.519405
1311878213.541795 1311878213.546877
1311878213.573876 1311878213.581132
1311878213.609854 1311878213.616881
1311878213.641839 1311878213.646684
1311878213.673972 1311878213.681693
1311878213.709820 1311878213.715326
1311878213.741797 1311878213.750173
1311878213.773740 1311878213.779262
1311878213.809950 1311878213.818055
1311878213.841818 1311878213.848346
1311878213.873790 1311878213.878910
1311878213.909867 1311878213.918191
1311878213.941939 1311878213.947941
1311878213.973732 1311878213.978574
1311878214.009791 1311878214.018276
1311878214.041766 1311878214.047127
1311878214.073933 1311878214.087250
1311878214.109771 1311878214.114501
1311878214.141887 1311878214.148447
1311878214.173792 1311878214.186683
1311878214.209865 1311878214.217341
1311878214.241760 1311878214.246227
1311878214.273716 1311878214.286712
1311878214.309826 1311878214.315982
1311878214.341906 1311878214.350526
1311878214.373786 1311878214.385371
1311878214.409783 1311878214.415004
1311878214.441904 1311878214.446562
1311878214.473809 1311878214.485737
1311878214.509844 1311878214.517453
1311878214.541647 1311878214.546448
1311878214.573861 1311878214.584175
1311878214.609970 1311878214.614249
1311878214.641804 1311878214.649324
1311878214.673723 1311878214.683483
1311878214.709929 1311878214.718373
1311878214.741783 1311878214.746136
1311878214.773890 1311878214.787713
1311878214.809762 1311878214.815951
1311878214.841878 1311878214.848868
1311878214.873909 1311878214.885458
1311878214.909753 1311878214.917204
1311878214.941759 1311878214.946113
1311878214.973947 1311878214.983522
1311878215.009940 1311878215.017166
1311878215.041764 1311878215.045764
1311878215.073823 1311878215.084013
1311878215.109746 1311878215.114451
1311878215.141906 1311878215.146100
1311878215.173831 1311878215.187845
1311878215.209799 1311878215.214134
1311878215.241746 1311878215.255863
1311878215.273867 1311878215.282164
1311878215.309933 1311878215.316762
1311878215.341648 1311878215.353961
1311878215.373858 1311878215.388838
1311878215.409813 1311878215.416226
1311878215.441876 1311878215.456174
1311878215.473758 1311878215.482479
1311878215.509898 1311878215.520218
1311878215.541671 1311878215.551343
1311878215.573843 1311878215.586554
1311878215.609626 1311878215.614898
1311878215.641831 1311878215.653228
1311878215.673938 1311878215.684292
1311878215.709770 1311878215.722350
1311878215.741795 1311878215.752832
1311878215.773796 1311878215.784009
1311878215.809889 1311878215.815969
1311878215.841771 1311878215.851826
1311878215.873690 1311878215.885018
1311878215.909920 1311878215.915805
1311878215.941890 1311878215.952565
1311878215.973767 1311878215.983613
1311878216.009878 1311878216.016113
1311878216.041788 1311878216.050205
1311878216.073726 1311878216.085120
1311878216.109912 1311878216.118554
1311878216.141916 1311878216.151531
1311878216.173876 1311878216.182297
1311878216.209939 1311878216.217848
1311878216.241760 1311878216.251022
1311878216.273831 1311878216.284382
1311878216.309943 1311878216.316151
1311878216.341703 1311878216.350900
1311878216.373846 1311878216.383032
1311878216.409755 1311878216.417929
1311878216.441672 1311878216.452218
1311878216.473831 1311878216.482931
1311878216.509877 1311878216.520123
1311878216.541707 1311878216.551092
1311878216.573787 1311878216.584440
1311878216.609827 1311878216.621510
1311878216.641753 1311878216.651048
1311878216.673916 1311878216.684914
1311878216.709851 1311878216.721587
1311878216.741697 1311878216.750863
1311878216.773878 1311878216.785549
1311878216.809634 1311878216.820804
1311878216.841606 1311878216.851258
1311878216.873651 1311878216.884407
1311878216.909702 1311878216.920602
1311878216.941778 1311878216.951396
1311878216.973870 1311878216.985637
1311878217.009695 1311878217.020939
1311878217.041705 1311878217.051573
1311878217.073682 1311878217.085884
1311878217.109753 1311878217.121624
1311878217.141744 1311878217.151971
1311878217.173640 1311878217.183482
1311878217.209717 1311878217.220540
1311878217.241786 1311878217.251117
1311878217.273557 1311878217.286057
1311878217.309731 1311878217.321953
1311878217.341554 1311878217.351586
1311878217.373713 1311878217.385238
1311878217.409642 1311878217.421484
1311878217.441787 1311878217.452205
1311878217.473597 1311878217.485912
1311878217.509569 1311878217.519414
1311878217.541665 1311878217.552917
1311878217.573789 1311878217.584146
1311878217.609749 1311878217.619904
1311878217.641670 1311878217.652570
1311878217.673769 1311878217.685952
1311878217.709813 1311878217.719361
1311878217.741561 1311878217.751823
1311878217.774015 1311878217.787196
1311878217.809728 1311878217.820586
1311878217.841864 1311878217.852225
1311878217.873734 1311878217.886272
1311878217.909873 1311878217.918847
1311878217.941920 1311878217.952235
1311878217.973803 1311878217.987876
1311878218.009675 1311878218.021237
1311878218.041647 1311878218.050739
1311878218.073714 1311878218.090192
1311878218.109647 1311878218.119126
1311878218.141742 1311878218.154997
1311878218.173737 1311878218.185693
1311878218.209713 1311878218.218829
1311878218.241661 1311878218.251165
1311878218.273543 1311878218.286580
1311878218.309700 1311878218.319235
1311878218.341740 1311878218.351082
1311878218.377606 1311878218.387330
1311878218.409796 1311878218.421833
1311878218.441569 1311878218.451013
1311878218.477792 1311878218.490623
1311878218.509755 1311878218.518325
1311878218.541871 1311878218.552098
1311878218.577854 1311878218.587484
1311878218.609840 1311878218.619912
1311878218.641686 1311878218.651779
1311878218.677705 1311878218.687128
1311878218.709726 1311878218.720560
1311878218.741617 1311878218.750334
1311878218.777806 1311878218.787722
1311878218.809542 1311878218.819412
1311878218.841618 1311878218.851064
1311878218.877712 1311878218.886438
1311878218.909733 1311878218.919059
1311878218.941829 1311878218.953743
1311878218.977634 1311878218.986515
1311878219.009803 1311878219.020326
1311878219.041770 1311878219.057675
1311878219.077736 1311878219.089641
1311878219.109673 1311878219.120249
1311878219.141625 1311878219.156836
1311878219.177662 1311878219.187518
1311878219.209613 1311878219.219808
1311878219.241670 1311878219.253775
1311878219.277665 1311878219.287601
1311878219.309753 1311878219.318788
1311878219.341619 1311878219.353683
1311878219.377636 1311878219.386120
1311878219.409694 1311878219.419237
1311878219.441814 1311878219.453411
1311878219.477714 1311878219.488395
1311878219.509664 1311878219.520331
1311878219.541544 1311878219.553751
1311878219.577667 1311878219.585913
1311878219.609576 1311878219.619718
1311878219.641570 1311878219.654849
1311878219.677610 1311878219.687416
1311878219.709647 1311878219.719783
1311878219.741752 1311878219.753726
1311878219.777655 1311878219.786537
1311878219.809654 1311878219.819070
1311878219.841554 1311878219.854667
1311878219.877536 1311878219.885783
1311878219.909754 1311878219.919929
1311878219.941731 1311878219.954566
1311878219.977632 1311878219.986992
1311878220.009742 1311878220.019409
1311878220.041768 1311878220.053699
1311878220.077569 1311878220.087154
1311878220.109725 1311878220.119884
1311878220.141624 1311878220.153850
1311878220.177582 1311878220.187048
1311878220.209786 1311878220.222647
1311878220.241654 1311878220.253859
1311878220.277644 1311878220.287867
1311878220.309627 1311878220.322290
1311878220.341639 1311878220.354398
1311878220.377686 1311878220.387616
1311878220.409587 1311878220.423858
1311878220.441607 1311878220.454270
1311878220.477595 1311878220.485667
1311878220.509598 1311878220.521823
1311878220.541681 1311878220.554733
1311878220.577783 1311878220.587754
1311878220.609645 1311878220.621763
1311878220.641733 1311878220.653929
1311878220.677712 1311878220.687347
1311878220.709579 1311878220.723067
1311878221.512952 1311878221.518768
1311878223.424199 1311878223.424202
1311878223.559318 1311878223.559356
1311878223.757889 1311878223.757915
1311878223.924035 1311878223.924043
1311878224.059577 1311878224.059588
1311878224.124647 1311878224.125283
1311878224.224123 1311878224.224130
1311878224.493993 1311878224.494191
1311878224.663653 1311878224.663661
1311878224.794833 1311878224.795170
1311878224.825310 1311878224.825317
1311878224.892771 1311878224.892793
1311878224.963696 1311878224.963715
1311878225.027107 1311878225.027664
1311878225.125090 1311878225.125124
1311878225.260363 1311878225.260403
1311878225.324166 1311878225.324183
1311878225.391979 1311878225.392004
1311878225.462708 1311878225.463537
1311878225.492263 1311878225.492374
1311878225.563471 1311878225.563528
1311878225.627714 1311878225.627770
1311878225.763411 1311878225.763497
1311878225.829594 1311878225.829626
1311878226.031668 1311878226.031695
1311878226.095460 1311878226.095751
1311878226.162311 1311878226.162524
1311878226.363187 1311878226.363490
1311878226.461262 1311878226.461349
1311878226.493509 1311878226.493521
1311878226.529308 1311878226.529400
1311878226.560167 1311878226.560178
1311878226.631392 1311878226.631417
1311878226.736227 1311878226.732057
1311878226.834283 1311878226.834299
1311878226.895633 1311878226.895658
1311878226.928537 1311878226.928548
1311878226.999422 1311878226.999510
1311878227.060348 1311878227.060442
1311878227.199384 1311878227.199406
1311878227.263717 1311878227.263975
1311878227.399522 1311878227.399545
1311878227.461467 1311878227.461557
1311878227.531489 1311878227.531984
1311878227.599285 1311878227.599481
1311878227.662227 1311878227.662244
1311878227.730507 1311878227.730549
1311878227.798032 1311878227.799943
1311878227.864265 1311878227.865387
1311878227.928613 1311878227.928625
1311878227.960198 1311878227.964379
1311878228.127753 1311878228.127862
1311878228.267246 1311878228.267267
1311878228.336535 1311878228.328146
1311878228.364122 1311878228.364129
1311878228.430182 1311878228.430197
1311878228.464393 1311878228.464402
1311878228.496242 1311878228.496248
1311878228.564940 1311878228.564961
1311878228.596493 1311878228.598294
1311878228.668063 1311878228.668071
1311878228.929914 1311878228.929919
1311878229.030439 1311878229.030451
1311878229.067974 1311878229.067989
1311878229.132036 1311878229.132070
1311878229.267800 1311878229.267815
1311878229.331925 1311878229.331936
1311878229.399462 1311878229.399479
1311878229.467846 1311878229.468268
1311878229.535611 1311878229.535633
1311878229.667158 1311878229.667552
1311878229.799977 1311878229.799997
1311878229.835782 1311878229.835787
1311878229.899491 1311878229.899787
1311878229.967220 1311878229.967923
1311878230.065088 1311878230.068310
1311878230.095934 1311878230.095943
1311878230.167096 1311878230.167126
1311878230.195941 1311878230.195963
1311878230.335575 1311878230.335594
1311878230.399102 1311878230.399134
1311878230.467851 1311878230.467922
1311878230.668362 1311878230.667405
1311878230.804029 1311878230.804050
1311878230.936222 1311878230.936243
1311878231.301358 1311878231.301708
1311878231.333656 1311878231.333665
1311878231.403660 1311878231.404261
1311878231.468097 1311878231.468112
1311878231.535076 1311878231.536912
1311878231.564976 1311878231.565449
1311878231.604811 1311878231.605036
1311878231.633131 1311878231.633456
1311878231.703818 1311878231.704203
1311878231.935561 1311878231.935564
1311878231.971381 1311878231.971395
1311878232.001226 1311878232.001318
1311878232.503394 1311878232.503407
1311878232.533206 1311878232.533690
1311878232.570842 1311878232.571257
1311878232.600364 1311878232.600391
1311878232.634525 1311878232.634535
1311878232.671048 1311878232.671089
1311878232.771236 1311878232.771427
1311878232.835900 1311878232.835926
1311878233.003176 1311878233.003729
1311878233.238561 1311878233.238569
1311878233.400310 1311878233.400369
1311878233.439975 1311878233.439589
1311878233.468560 1311878233.468852
1311878233.500886 1311878233.500902
1311878233.536627 1311878233.536879
1311878233.603715 1311878233.603748
1311878233.704331 1311878233.704343
1311878233.736117 1311878233.736647
1311878233.803502 1311878233.803528
1311878233.900341 1311878233.900349
1311878233.972003 1311878233.973076
1311878234.102044 1311878234.102064
1311878234.201461 1311878234.201470
1311878234.238210 1311878234.238216
1311878234.303494 1311878234.303505
1311878234.336901 1311878234.336910
1311878234.471631 1311878234.472416
1311878234.504108 1311878234.504120
1311878234.570617 1311878234.570643
1311878234.638261 1311878234.638291
1311878234.668878 1311878234.668895
1311878235.043585 1311878235.036823
1311878235.105983 1311878235.106010
1311878235.136061 1311878235.136080
1311878235.208210 1311878235.212744
1311878235.368161 1311878235.368184
1311878235.406350 1311878235.406403
1311878235.470116 1311878235.470148
1311878235.539239 1311878235.539252
1311878235.568288 1311878235.568664
1311878235.639282 1311878235.639297
1311878235.840250 1311878235.840274
1311878235.872315 1311878235.872339
1311878235.939106 1311878235.939116
1311878236.139546 1311878236.139580
1311878236.338901 1311878236.338928
1311878236.376707 1311878236.373018
1311878236.438310 1311878236.438327
1311878236.672857 1311878236.672867
1311878236.739708 1311878236.740002
1311878236.774389 1311878236.774398
1311878236.839338 1311878236.839350
1311878236.907365 1311878236.907818
1311878236.940205 1311878236.940685
1311878236.973014 1311878236.973097
1311878237.243945 1311878237.244631
1311878237.441771 1311878237.442171
1311878237.605546 1311878237.606307
1311878238.008723 1311878238.008740
1311878238.109017 1311878238.109034
1311878238.175717 1311878238.176494
1311878238.243548 1311878238.246351
1311878238.272775 1311878238.273447
1311878238.411083 1311878238.411116
1311878238.773030 1311878238.772759
1311878238.812476 1311878238.812497
1311878238.875327 1311878238.875340
1311878239.112291 1311878239.113201
1311878239.177154 1311878239.175879
1311878239.208764 1311878239.208773
1311878239.240198 1311878239.240203
1311878239.272590 1311878239.272602
1311878239.311823 1311878239.311839
1311878239.341222 1311878239.341876
1311878239.379483 1311878239.382144
1311878239.543185 1311878239.543215
1311878239.809403 1311878239.809721
1311878240.011937 1311878240.011952
1311878240.611839 1311878240.611854
1311878240.679776 1311878240.679785
1311878240.879394 1311878240.879970
1311878240.947687 1311878240.947475
1311878240.976280 1311878240.976370
1311878241.010129 1311878241.010152
1311878241.047166 1311878241.047192
1311878241.076945 1311878241.076957
1311878241.108980 1311878241.108990
1311878241.178868 1311878241.185078
1311878241.408073 1311878241.408116
1311878241.510349 1311878241.510358
1311878241.580040 1311878241.580228
1311878241.608970 1311878241.608979
1311878241.687021 1311878241.679811
1311878241.984961 1311878241.979085
1311878242.112424 1311878242.112468
1311878242.277414 1311878242.277442
1311878242.479430 1311878242.479472
1311878242.575928 1311878242.576284
1311878242.647121 1311878242.647566
1311878242.745935 1311878242.745962
1311878243.012941 1311878243.012969
1311878243.280292 1311878243.280300
1311878243.343794 1311878243.343472
1311878243.380663 1311878243.380964
1311878243.480550 1311878243.481559
1311878243.581622 1311878243.582234
1311878243.745887 1311878243.746208
1311878243.814539 1311878243.814566
1311878243.953142 1311878243.953161
1311878243.982924 1311878243.982933
1311878244.043870 1311878244.047450
1311878244.082428 1311878244.082533
1311878244.246047 1311878244.246280
1311878244.313759 1311878244.313774
1311878244.385600 1311878244.385619
1311878244.448740 1311878244.447922
1311878244.514505 1311878244.514521
1311878244.548160 1311878244.548172
1311878244.614584 1311878244.614598
1311878244.682817 1311878244.683002
1311878244.881553 1311878244.881917
1311878245.013172 1311878245.012968
1311878245.350383 1311878245.350411
1311878245.379753 1311878245.380517
1311878245.518624 1311878245.518639
1311878245.582991 1311878245.583304
1311878245.615900 1311878245.615907
1311878245.648586 1311878245.648596
1311878245.679784 1311878245.680082
1311878245.718069 1311878245.718079
1311878245.917717 1311878245.918952
1311878245.981034 1311878245.981045
1311878246.050434 1311878246.050492
1311878246.348277 1311878246.348361
1311878246.886247 1311878246.886256
1311878246.915760 1311878246.919090
1311878247.016183 1311878247.016536
1311878247.086617 1311878247.086051
1311878247.115864 1311878247.116040
1311878247.187524 1311878247.187557
1311878247.287229 1311878247.287253
1311878247.351634 1311878247.351653
1311878247.419134 1311878247.419259
1311878247.587015 1311878247.587405
1311878247.651168 1311878247.657208
1311878247.719046 1311878247.719079
1311878247.787133 1311878247.787145
1311878247.851433 1311878247.851478
1311878247.884713 1311878247.885199
1311878247.917335 1311878247.917691
1311878247.987467 1311878247.988283
1311878248.119490 1311878248.119506
1311878248.153329 1311878248.153340
1311878248.219233 1311878248.219278
1311878248.251890 1311878248.251897
1311878248.319132 1311878248.319150
1311878248.387827 1311878248.387845
1311878248.454925 1311878248.454943
1311878248.485261 1311878248.487411
1311878248.755032 1311878248.755161
1311878248.855250 1311878248.855277
1311878248.919068 1311878248.924984
1311878248.987890 1311878248.991966
1311878249.087806 1311878249.087841
1311878249.155822 1311878249.155931
1311878249.223732 1311878249.223913
1311878249.286690 1311878249.286711
1311878249.355251 1311878249.355270
1311878249.423212 1311878249.423234
1311878249.487594 1311878249.487618
1311878249.555759 1311878249.555880
1311878249.623263 1311878249.623276
1311878249.687740 1311878249.687760
1311878249.719747 1311878249.719753
1311878249.787227 1311878249.787244
1311878249.855929 1311878249.855939
1311878249.922915 1311878249.922931
1311878249.952868 1311878249.953329
1311878250.052700 1311878250.052724
1311878250.123795 1311878250.123839
1311878250.187706 1311878250.188041
1311878250.255666 1311878250.255808
1311878250.323302 1311878250.323316
1311878250.386848 1311878250.386868
1311878250.454775 1311878250.454795
1311878250.523720 1311878250.523752
1311878250.591088 1311878250.591107
1311878250.620206 1311878250.620225
1311878250.652781 1311878250.652788
1311878250.723764 1311878250.724307
1311878250.823132 1311878250.823161
1311878250.891191 1311878250.891218
1311878250.923548 1311878250.923560
1311878250.951847 1311878250.951853
1311878250.991922 1311878250.991947
1311878251.055346 1311878251.055377
1311878251.123363 1311878251.123391
1311878251.151991 1311878251.152093
1311878251.223472 1311878251.223483
1311878251.291655 1311878251.291813
1311878251.355159 1311878251.355188
1311878251.423808 1311878251.423855
1311878251.451725 1311878251.451777
1311878251.523300 1311878251.523335
1311878251.591232 1311878251.591259
1311878251.655013 1311878251.655027
1311878251.791549 1311878251.791575
1311878251.822170 1311878251.822182
1311878251.857876 1311878251.857888
1311878251.888274 1311878251.888645
1311878251.920126 1311878251.920139
1311878251.991023 1311878251.991376
1311878252.058809 1311878252.058822
1311878252.123702 1311878252.123729
1311878252.156008 1311878252.156017
1311878252.223696 1311878252.227169
1311878252.291393 1311878252.291694
1311878252.359267 1311878252.365299
1311878252.388535 1311878252.393128
1311878252.459065 1311878252.459537
1311878252.523396 1311878252.527198
1311878252.591661 1311878252.592541
1311878252.658896 1311878252.660915
1311878252.723305 1311878252.723324
1311878252.757192 1311878252.759739
1311878252.956789 1311878252.956898
1311878253.025159 1311878253.025173
1311878253.090877 1311878253.091140
1311878253.158363 1311878253.158396
1311878253.187815 1311878253.187823
1311878253.256173 1311878253.256197
1311878253.326586 1311878253.326594
1311878253.458936 1311878253.459130
1311878253.527225 1311878253.528692
1311878253.591104 1311878253.598040
1311878253.727679 1311878253.728043
1311878253.788249 1311878253.788261
1311878253.824691 1311878253.826013
1311878253.890208 1311878253.890229
1311878253.958916 1311878253.964108
1311878253.988270 1311878253.988279
1311878254.057367 1311878254.058066
1311878254.088136 1311878254.088145
1311878254.158401 1311878254.158423
1311878254.226103 1311878254.226111
1311878254.294950 1311878254.295332
1311878254.627127 1311878254.627249
1311878254.695621 1311878254.695719
1311878254.793857 1311878254.794996
1311878254.859310 1311878254.859344
1311878254.892235 1311878254.892246
1311878254.924287 1311878254.924445
1311878254.995655 1311878254.995723
1311878255.059859 1311878255.059873
1311878255.093568 1311878255.093581
1311878255.159063 1311878255.159085
1311878255.227888 1311878255.227897
1311878255.256024 1311878255.256050
1311878255.327886 1311878255.327944
1311878255.395703 1311878255.400973
1311878255.423933 1311878255.423849
1311878255.495145 1311878255.495164
1311878255.563201 1311878255.563220
1311878255.627134 1311878255.627257
1311878255.659880 1311878255.659887
1311878255.795119 1311878255.795132
1311878255.824704 1311878255.824711
1311878255.895758 1311878255.895854
1311878255.962903 1311878255.962913
1311878255.991872 1311878255.991881
1311878256.024056 1311878256.024162
1311878256.063239 1311878256.063575
1311878256.091798 1311878256.091804
1311878256.163274 1311878256.163552
1311878256.192438 1311878256.192447
1311878256.263585 1311878256.263602
1311878256.293039 1311878256.294881
1311878256.324997 1311878256.325665
1311878256.394622 1311878256.394637
1311878256.563256 1311878256.567678
1311878256.763755 1311878256.763772
1311878256.831848 1311878256.832157
1311878257.129645 1311878257.129664
1311878257.194946 1311878257.197045
1311878257.263277 1311878257.263301
1311878257.331094 1311878257.331123
1311878257.462705 1311878257.462732
1311878257.595228 1311878257.595253
1311878257.731151 1311878257.731173
1311878257.863355 1311878257.863381
1311878258.063073 1311878258.070649
1311878258.131407 1311878258.135699
1311878258.199271 1311878258.199291
1311878258.331528 1311878258.331581
1311878258.399281 1311878258.399297
1311878258.463594 1311878258.463621
1311878258.563529 1311878258.565519
1311878258.699713 1311878258.699730
1311878258.728192 1311878258.728204
1311878258.759652 1311878258.759659
1311878258.831747 1311878258.837174
1311878258.898592 1311878258.899793
1311878258.962931 1311878258.962976
1311878259.099557 1311878259.099698
1311878259.131303 1311878259.135957
1311878259.167074 1311878259.167452
1311878259.366644 1311878259.368306
1311878259.431250 1311878259.431645
1311878259.498386 1311878259.498410
1311878259.567201 1311878259.567237
1311878259.631274 1311878259.631295
1311878259.767315 1311878259.767700
1311878259.868122 1311878259.868130
1311878259.936407 1311878259.930957
1311878259.963627 1311878259.963634
1311878259.997133 1311878259.997141
1311878260.096065 1311878260.096071
1311878260.130931 1311878260.130941
1311878260.166318 1311878260.166326
1311878260.195599 1311878260.195606
1311878260.270139 1311878260.267383
1311878260.334721 1311878260.334777
1311878260.396899 1311878260.397197
1311878260.467311 1311878260.467789
1311878260.564124 1311878260.564133
1311878260.634063 1311878260.634338
1311878260.698368 1311878260.698402
1311878260.763668 1311878260.763673
1311878260.833617 1311878260.833625
1311878260.897395 1311878260.897637
1311878260.995495 1311878260.995501
1311878261.131371 1311878261.131383
1311878261.197552 1311878261.197750
1311878261.296724 1311878261.296730
1311878261.333642 1311878261.333649
1311878261.363513 1311878261.363525
1311878261.397483 1311878261.398266
1311878261.466724 1311878261.467726
1311878261.496542 1311878261.499651
1311878261.599944 1311878261.599950
1311878261.667668 1311878261.667676
1311878261.767327 1311878261.767336
1311878261.965893 1311878261.965920
1311878262.101262 1311878262.101312
1311878262.200042 1311878262.200214
1311878262.232910 1311878262.232995
1311878262.364486 1311878262.364497
1311878262.401401 1311878262.401415
1311878262.535339 1311878262.537037
1311878262.665704 1311878262.665717
1311878262.832259 1311878262.832267
1311878262.902449 1311878262.907429
1311878262.933636 1311878262.933676
1311878263.132148 1311878263.132417
1311878263.233682 1311878263.238353
1311878263.333582 1311878263.333591
1311878263.435180 1311878263.435196
1311878263.635007 1311878263.635321
1311878263.703343 1311878263.703366
1311878263.771278 1311878263.771539
1311878263.835720 1311878263.836001
1311878264.102734 1311878264.103413
1311878264.270459 1311878264.270806
1311878264.300078 1311878264.300086
1311878264.335834 1311878264.336050
1311878264.403697 1311878264.403717
1311878264.435651 1311878264.435660
1311878264.470321 1311878264.470327
1311878264.538905 1311878264.538932
1311878264.671237 1311878264.671357
1311878264.738740 1311878264.738946
1311878264.902889 1311878264.902913
1311878264.935807 1311878264.935908
1311878264.967659 1311878264.967852
1311878264.999637 1311878264.999645
1311878265.138619 1311878265.138632
1311878265.470562 1311878265.470783
1311878265.538792 1311878265.538818
1311878265.568829 1311878265.568842
1311878265.806181 1311878265.806266
1311878265.871270 1311878265.871367
1311878266.071211 1311878266.071237
1311878266.139278 1311878266.139362
1311878266.339185 1311878266.339212
1311878266.406578 1311878266.406589
1311878266.437049 1311878266.437308
1311878266.574665 1311878266.574690
1311878266.604562 1311878266.604569
1311878266.938470 1311878266.938698
1311878266.972348 1311878266.972357
1311878267.107738 1311878267.107752
1311878267.175119 1311878267.175287
1311878267.239857 1311878267.239881
1311878267.375422 1311878267.375623
1311878267.639401 1311878267.639421
1311878267.740664 1311878267.745266
1311878267.873139 1311878267.873010
1311878267.975075 1311878267.975709
1311878268.077623 1311878268.074958
1311878268.175266 1311878268.175290
1311878268.242987 1311878268.242998
1311878268.507488 1311878268.507514
1311878268.575004 1311878268.575059
1311878268.604890 1311878268.604902
1311878268.674571 1311878268.681041
1311878268.871819 1311878268.871963
1311878269.008021 1311878269.008041
1311878269.040739 1311878269.040917
1311878269.111297 1311878269.111319
1311878269.208283 1311878269.208292
1311878269.341979 1311878269.341995
1311878269.571723 1311878269.575458
1311878269.609622 1311878269.609630
1311878269.675260 1311878269.675287
1311878269.742851 1311878269.742857
1311878269.810780 1311878269.810815
1311878269.908902 1311878269.908910
1311878270.071394 1311878270.071398
1311878270.110322 1311878270.110399
1311878270.207205 1311878270.207211
1311878270.242242 1311878270.242267
1311878270.275808 1311878270.275822
1311878270.476869 1311878270.477616
1311878270.542485 1311878270.543049
1311878270.776096 1311878270.775593
1311878270.842437 1311878270.842449
1311878270.911685 1311878270.912379
1311878270.978672 1311878270.979103
1311878271.076363 1311878271.076375
1311878271.143345 1311878271.144166
1311878271.176687 1311878271.181671
1311878271.242139 1311878271.242485
1311878271.275388 1311878271.276333
1311878271.375754 1311878271.375783
1311878271.441840 1311878271.448361
1311878271.510819 1311878271.510828
1311878271.646089 1311878271.646514
1311878271.675792 1311878271.678443
1311878271.707196 1311878271.713641
1311878271.778153 1311878271.778689
1311878271.808704 1311878271.808714
1311878271.908573 1311878271.908270
1311878272.178691 1311878272.178712
1311878272.246742 1311878272.246765
1311878272.343739 1311878272.343890
1311878272.547149 1311878272.547848
1311878272.610416 1311878272.610435
1311878272.850796 1311878272.850832
1311878272.888507 1311878272.888691
1311878272.919011 1311878272.919118
1311878272.958230 1311878272.958241
1311878272.986423 1311878272.986562
1311878273.018734 1311878273.018974
1311878273.054557 1311878273.057093
1311878273.114413 1311878273.115479
1311878273.156833 1311878273.156872
1311878273.186222 1311878273.186305
1311878273.218215 1311878273.218256
1311878273.275331 1311878273.275520
1311878273.314848 1311878273.314996
1311878273.515620 1311878273.515647
1311878273.615205 1311878273.615214
1311878273.778876 1311878273.778648
1311878273.812310 1311878273.816268
1311878273.843966 1311878273.843977
1311878274.183331 1311878274.183345
1311878274.247474 1311878274.247195
1311878274.279405 1311878274.279416
1311878274.313825 1311878274.313841
1311878274.515155 1311878274.515403
1311878274.583648 1311878274.584234
1311878274.611414 1311878274.611422
1311878274.846523 1311878274.846533
1311878274.914645 1311878274.914833
1311878274.983578 1311878274.983597
1311878275.047344 1311878275.047360
1311878275.080128 1311878275.080783
1311878275.151796 1311878275.151826
1311878275.383402 1311878275.383883
1311878275.451000 1311878275.451061
1311878275.515257 1311878275.515274
1311878275.582101 1311878275.582117
1311878275.611372 1311878275.617161
1311878275.711524 1311878275.711353
1311878275.783458 1311878275.787064
1311878275.912322 1311878275.912328
1311878276.055714 1311878276.050626
1311878276.114908 1311878276.112211
1311878276.157697 1311878276.157710
1311878276.216546 1311878276.214967
1311878276.314701 1311878276.315174
1311878276.419124 1311878276.419839
1311878276.682918 1311878276.682951
1311878276.950511 1311878276.950652
1311878277.083427 1311878277.083450
1311878277.150948 1311878277.150964
1311878277.279397 1311878277.279438
1311878277.350805 1311878277.350819
1311878277.582271 1311878277.582289
1311878277.686253 1311878277.686277
1311878277.951097 1311878277.951129
1311878278.019085 1311878278.019101
1311878278.047881 1311878278.047888
1311878278.215516 1311878278.218698
1311878278.247035 1311878278.247041
1311878278.318453 1311878278.318863
1311878278.551483 1311878278.551503
1311878278.618374 1311878278.618445
1311878278.648743 1311878278.648750
1311878278.717172 1311878278.717185
1311878278.756256 1311878278.749304
1311878278.987012 1311878278.986479
1311878279.015577 1311878279.015679
1311878279.086793 1311878279.086805
1311878279.315023 1311878279.315108
1311878279.418428 1311878279.417710
1311878279.485606 1311878279.485631
1311878279.553884 1311878279.554259
1311878279.651551 1311878279.651277
1311878279.985296 1311878279.985305
1311878280.051187 1311878280.051196
1311878280.421579 1311878280.421594
1311878280.519116 1311878280.519215
1311878280.553425 1311878280.553511
1311878280.784869 1311878280.784891
1311878280.818375 1311878280.818390
1311878280.851350 1311878280.851372
1311878281.084744 1311878281.084765
1311878281.284583 1311878281.284677
1311878281.388706 1311878281.389076
1311878281.452015 1311878281.452029
1311878281.552068 1311878281.552251
1311878281.586152 1311878281.586160
1311878281.652942 1311878281.652995
1311878281.720608 1311878281.720724
1311878281.787886 1311878281.787897
1311878281.851260 1311878281.851081
1311878281.918461 1311878281.918484
1311878281.989150 1311878281.991045
1311878282.050719 1311878282.051457
1311878282.121005 1311878282.121295
1311878282.189140 1311878282.189177
1311878282.252802 1311878282.252816
1311878282.321529 1311878282.321555
1311878282.488734 1311878282.488765
1311878282.586568 1311878282.586595
1311878282.787543 1311878282.787550
1311878282.856240 1311878282.856479
1311878282.921583 1311878282.921591
1311878283.057576 1311878283.057384
1311878283.156554 1311878283.156572
1311878283.221396 1311878283.221409
1311878283.286723 1311878283.289714
1311878283.356344 1311878283.357118
1311878283.387486 1311878283.387557
1311878283.455020 1311878283.455028
1311878283.486506 1311878283.486566
1311878283.556657 1311878283.556670
1311878283.621903 1311878283.621937
1311878283.655638 1311878283.655643
1311878283.757233 1311878283.757258
1311878283.825017 1311878283.825035
1311878283.889773 1311878283.889962
1311878283.957199 1311878283.957237
1311878283.988004 1311878283.988052
1311878284.025560 1311878284.024979
1311878284.087860 1311878284.087877
1311878284.156957 1311878284.157021
1311878284.225482 1311878284.225515
1311878284.289617 1311878284.291168
1311878284.356856 1311878284.357009
1311878284.425753 1311878284.427499
1311878284.490091 1311878284.490121
1311878284.557926 1311878284.557974
1311878284.625169 1311878284.625238
1311878284.689302 1311878284.689325
1311878284.757190 1311878284.761205
1311878284.825313 1311878284.825575
1311878284.925508 1311878284.925523
1311878284.989323 1311878284.989346
1311878285.057810 1311878285.057986
1311878285.193833 1311878285.193856
1311878285.257828 1311878285.258065
1311878285.290542 1311878285.290545
1311878285.357242 1311878285.357252
1311878285.390696 1311878285.390707
1311878285.425006 1311878285.425175
1311878285.493505 1311878285.493531
1311878285.557843 1311878285.557864
1311878285.625327 1311878285.625576
1311878285.692748 1311878285.692765
1311878285.756852 1311878285.757996
1311878285.924152 1311878285.924161
1311878285.955882 1311878285.955919
1311878286.093283 1311878286.093308
1311878286.156930 1311878286.157018
1311878286.224371 1311878286.224583
1311878286.292422 1311878286.292449
1311878286.360456 1311878286.360542
1311878286.424909 1311878286.424929
1311878286.460321 1311878286.460373
1311878286.490552 1311878286.490557
1311878286.561510 1311878286.561546
1311878286.591091 1311878286.591108
1311878286.661532 1311878286.661569
1311878286.724653 1311878286.724673
1311878286.825467 1311878286.825489
1311878286.863756 1311878286.863773
1311878286.891456 1311878286.891468
1311878286.925585 1311878286.925595
1311878287.062025 1311878287.062365
1311878287.194674 1311878287.194680
1311878287.325370 1311878287.325539
1311878287.394185 1311878287.394210
1311878287.422752 1311878287.422761
1311878287.494184 1311878287.494209
1311878287.561274 1311878287.561296
1311878287.630426 1311878287.630505
1311878287.726602 1311878287.726605
1311878287.793780 1311878287.793851
1311878287.860875 1311878287.860963
1311878287.929376 1311878287.929394
1311878287.993358 1311878287.993373
1311878288.061077 1311878288.061197
1311878288.129642 1311878288.129683
1311878288.261589 1311878288.261795
1311878288.329883 1311878288.329900
1311878288.393478 1311878288.393493
1311878288.529288 1311878288.529338
1311878288.594631 1311878288.594643
1311878288.627841 1311878288.627851
1311878288.659455 1311878288.659484
1311878288.730145 1311878288.730833
1311878288.797511 1311878288.797531
1311878288.929588 1311878288.937167
1311878288.997391 1311878288.999267
1311878289.197588 1311878289.197603
1311878289.227197 1311878289.227492
1311878289.296528 1311878289.296547
1311878289.361442 1311878289.365333
1311878289.428138 1311878289.428291
1311878289.494553 1311878289.494561
1311878289.561421 1311878289.561442
1311878289.629617 1311878289.629629
1311878289.696003 1311878289.696038
1311878289.761657 1311878289.761966
1311878289.828600 1311878289.828627
1311878289.894643 1311878289.894665
1311878289.964930 1311878289.964974
1311878290.028494 1311878290.028505
1311878290.097607 1311878290.097617
1311878290.127157 1311878290.127214
1311878290.196585 1311878290.196604
1311878290.265774 1311878290.265889
1311878290.329363 1311878290.329386
1311878290.396668 1311878290.397012
1311878290.465070 1311878290.465090
1311878290.529509 1311878290.529768
1311878290.595937 1311878290.596068
1311878290.664387 1311878290.664787
1311878290.827014 1311878290.827035
1311878290.862781 1311878290.862787
1311878290.928118 1311878290.928276
1311878290.997398 1311878290.997708
1311878291.127700 1311878291.127720
1311878291.165159 1311878291.167049
1311878291.230846 1311878291.230860
1311878291.330685 1311878291.330698
1311878291.396978 1311878291.397031
1311878291.533151 1311878291.533209
1311878291.562659 1311878291.562670
1311878291.632926 1311878291.633075
1311878291.695498 1311878291.695616
1311878291.832686 1311878291.832730
1311878292.033479 1311878292.033511
1311878292.095668 1311878292.097167
1311878292.131768 1311878292.131775
1311878292.197046 1311878292.197055
1311878292.265473 1311878292.265629
1311878292.333530 1311878292.333556
1311878292.430339 1311878292.430379
1311878292.563094 1311878292.563181
1311878292.630298 1311878292.632149
1311878292.662890 1311878292.662916
1311878292.698624 1311878292.698649
1311878292.863096 1311878292.863113
1311878292.932322 1311878292.932345
1311878293.062714 1311878293.065145
1311878293.099810 1311878293.099844
1311878293.231964 1311878293.231982
1311878293.398262 1311878293.399189
1311878293.463669 1311878293.463675
1311878293.532381 1311878293.532583
1311878293.769289 1311878293.769308
1311878293.833032 1311878293.833043
1311878293.900823 1311878293.900836
1311878293.969107 1311878293.969133
1311878294.101424 1311878294.101446
1311878294.201669 1311878294.201678
1311878294.333715 1311878294.333742
1311878294.401796 1311878294.401807
1311878294.469759 1311878294.469781
1311878294.601718 1311878294.601727
1311878294.698527 1311878294.698537
1311878294.769512 1311878294.769523
1311878294.831942 1311878294.832002
1311878294.867991 1311878294.867999
1311878294.937458 1311878294.937482
1311878295.069632 1311878295.069631
1311878295.137723 1311878295.137744
1311878295.367011 1311878295.367019
1311878295.399523 1311878295.399580
1311878295.469939 1311878295.470133
1311878295.537872 1311878295.537883
1311878295.600053 1311878295.600065
1311878295.635910 1311878295.635919
1311878295.667028 1311878295.667037
1311878295.738034 1311878295.738571
1311878295.802139 1311878295.802193
1311878296.001087 1311878296.001312
1311878296.069526 1311878296.069648
1311878296.137006 1311878296.137054
1311878296.167238 1311878296.167780
1311878296.237011 1311878296.237231
1311878296.304608 1311878296.304632
1311878296.334547 1311878296.334559
1311878296.504688 1311878296.505012
1311878296.568818 1311878296.568832
1311878296.705235 1311878296.705256
1311878296.768708 1311878296.768763
1311878296.836683 1311878296.836700
1311878296.934958 1311878296.934976
1311878297.004725 1311878297.004741
1311878297.104533 1311878297.104560
1311878297.205215 1311878297.205239
1311878297.235426 1311878297.235437
1311878297.266707 1311878297.266714
1311878297.336781 1311878297.337814
1311878297.404804 1311878297.405406
1311878297.604266 1311878297.604288
1311878297.704850 1311878297.704923
1311878297.904251 1311878297.904267
1311878298.077065 1311878298.072090
1311878298.102414 1311878298.102436
1311878298.236039 1311878298.236449
1311878298.304141 1311878298.304446
1311878298.372257 1311878298.372269
1311878298.508647 1311878298.504142
1311878298.640477 1311878298.640488
1311878298.904099 1311878298.904136
1311878298.972383 1311878298.972416
1311878299.104189 1311878299.104216
1311878299.240563 1311878299.240584
1311878299.402798 1311878299.402809
1311878299.438240 1311878299.438247
1311878299.504479 1311878299.504497
1311878299.604264 1311878299.604290
1311878299.672021 1311878299.672033
1311878299.740631 1311878299.747857
1311878299.872436 1311878299.872484
1311878299.940522 1311878299.940547
1311878299.970342 1311878299.970730
1311878300.040344 1311878300.040424
1311878300.172676 1311878300.172733
1311878300.207376 1311878300.207385
1311878300.272543 1311878300.272555
1311878300.305948 1311878300.306012
1311878300.340933 1311878300.340951
1311878300.439321 1311878300.439538
1311878300.508173 1311878300.509200
1311878300.640155 1311878300.640754
1311878300.671360 1311878300.677532
1311878300.708180 1311878300.708218
1311878300.907967 1311878300.908417
1311878301.208136 1311878301.208153
1311878301.238186 1311878301.238194
1311878301.375948 1311878301.376184
1311878301.439186 1311878301.439191
1311878301.539133 1311878301.539140
1311878301.608447 1311878301.608467
1311878301.676265 1311878301.676289
1311878301.775988 1311878301.776019
1311878301.805588 1311878301.805594
1311878301.906892 1311878301.906937
1311878301.976088 1311878301.977135
1311878302.040492 1311878302.040517
1311878302.237870 1311878302.237877
1311878302.308610 1311878302.308620
1311878302.376244 1311878302.376253
1311878302.405962 1311878302.405968
1311878302.444435 1311878302.444451
1311878302.542033 1311878302.542048
1311878302.573668 1311878302.573689
1311878302.715400 1311878302.708052
1311878302.773854 1311878302.777037
1311878302.806397 1311878302.806405
1311878302.876064 1311878302.876085
1311878303.006625 1311878303.006642
1311878303.144433 1311878303.144691
1311878303.208760 1311878303.208822
1311878303.241859 1311878303.241863
1311878303.273533 1311878303.273538
1311878303.544179 1311878303.543544
1311878303.674845 1311878303.674889
1311878303.747203 1311878303.744760
1311878303.875118 1311878303.875128
1311878303.974678 1311878303.974336
1311878304.011734 1311878304.011745
1311878304.041955 1311878304.041985
1311878304.342048 1311878304.342051
1311878304.373946 1311878304.373964
1311878304.410134 1311878304.410203
1311878304.476417 1311878304.476476
1311878304.542228 1311878304.542244
1311878304.612512 1311878304.612528
1311878304.745111 1311878304.745121
1311878304.844562 1311878304.844572
1311878304.878173 1311878304.878184
1311878304.910189 1311878304.910550
1311878304.942486 1311878304.942495
1311878305.078543 1311878305.078557
1311878305.145035 1311878305.145078
1311878305.178369 1311878305.178380
1311878305.280737 1311878305.280763
1311878305.813226 1311878305.813258
1311878305.842564 1311878305.842578
1311878306.210716 1311878306.210725
1311878306.281617 1311878306.281638
1311878306.381131 1311878306.381154
1311878306.513861 1311878306.513908
1311878306.949708 1311878306.950142
1311878306.978827 1311878306.978826
1311878307.212844 1311878307.212849
1311878307.281990 1311878307.282016
1311878307.349300 1311878307.349897
1311878307.417770 1311878307.417790
1311878307.447927 1311878307.447937
1311878307.517148 1311878307.519345
1311878307.681165 1311878307.680939
1311878307.715082 1311878307.714809
1311878307.782131 1311878307.782308
1311878307.815657 1311878307.815664
1311878307.915567 1311878307.915576
1311878307.947158 1311878307.949086
1311878307.978955 1311878307.984573
1311878308.016963 1311878308.017237
1311878308.081751 1311878308.082115
1311878308.149173 1311878308.149180
1311878308.378735 1311878308.379442
1311878308.418097 1311878308.418104
1311878308.482275 1311878308.482426
1311878308.515553 1311878308.515684
1311878308.586043 1311878308.586572
1311878308.685922 1311878308.685933
1311878308.750352 1311878308.750363
1311878308.782965 1311878308.783395
1311878308.849946 1311878308.849980
1311878308.948493 1311878308.948502
1311878309.085797 1311878309.086518
1311878309.357856 1311878309.350325
1311878309.515776 1311878309.515787
1311878309.586191 1311878309.586278
1311878309.650007 1311878309.650039
1311878309.717636 1311878309.717392
1311878309.917637 1311878309.917337
1311878309.985722 1311878309.985776
1311878310.186916 1311878310.186939
1311878310.285634 1311878310.286173
1311878310.314541 1311878310.314553
1311878310.418085 1311878310.418108
1311878310.451788 1311878310.451806
1311878310.517543 1311878310.518226
1311878310.654065 1311878310.654097
1311878310.683234 1311878310.683289
1311878310.717215 1311878310.717295
1311878310.750549 1311878310.750555
1311878311.121252 1311878311.121275
1311878311.186113 1311878311.186296
1311878311.285879 1311878311.285904
1311878311.354010 1311878311.354021
1311878311.686043 1311878311.686243
1311878311.753822 1311878311.757400
1311878311.854196 1311878311.854252
1311878312.022537 1311878312.022273
1311878312.085477 1311878312.086865
1311878312.418805 1311878312.418822
1311878312.450894 1311878312.450902
1311878312.590369 1311878312.590390
1311878312.750475 1311878312.751278
1311878312.820659 1311878312.820883
1311878312.952383 1311878312.952395
1311878313.090265 1311878313.090285
1311878313.154940 1311878313.154945
1311878313.420662 1311878313.420680
1311878313.454415 1311878313.458295
1311878313.487578 1311878313.488028
1311878313.658578 1311878313.657690
1311878313.822191 1311878313.822214
1311878313.920068 1311878313.920098
1311878314.219336 1311878314.219523
1311878314.556459 1311878314.556783
1311878314.790105 1311878314.790142
1311878314.958806 1311878314.958061
1311878315.024904 1311878315.024914
1311878315.054554 1311878315.054565
1311878315.126151 1311878315.126174
1311878315.154575 1311878315.154874
1311878315.256275 1311878315.256640
1311878315.325825 1311878315.326091
1311878315.389789 1311878315.390575
1311878315.427207 1311878315.427212
1311878315.554348 1311878315.554356
1311878315.586447 1311878315.586453
1311878315.622430 1311878315.622479
1311878315.654823 1311878315.654830
1311878315.788834 1311878315.794377
1311878315.857763 1311878315.857775
1311878315.886791 1311878315.886969
1311878316.023450 1311878316.027059
1311878316.154521 1311878316.157434
1311878316.223374 1311878316.223407
1311878316.291961 1311878316.297558
1311878316.354772 1311878316.354783
1311878316.390699 1311878316.390716
1311878316.492412 1311878316.492427
1311878316.591041 1311878316.594906
1311878316.757794 1311878316.758405
1311878316.792675 1311878316.792941
1311878316.857596 1311878316.857562
1311878316.957532 1311878316.957716
1311878317.025562 1311878317.027169
1311878317.162016 1311878317.162064
1311878317.223586 1311878317.223605
1311878317.261264 1311878317.261437
1311878317.362457 1311878317.362485
1311878317.463177 1311878317.464910
1311878317.559785 1311878317.560020
1311878317.825325 1311878317.824833
1311878317.893624 1311878317.893780
1311878318.061811 1311878318.061863
1311878318.224123 1311878318.224388
1311878318.395236 1311878318.395261
1311878318.461033 1311878318.461051
1311878318.690302 1311878318.690310
1311878318.760805 1311878318.767048
1311878318.828543 1311878318.828552
1311878318.891584 1311878318.891620
1311878318.926482 1311878318.926512
1311878319.061905 1311878319.061926
1311878319.159327 1311878319.159336
1311878319.328407 1311878319.328112
1311878319.358812 1311878319.358564
1311878319.529628 1311878319.529650
1311878319.630935 1311878319.630963
1311878319.697978 1311878319.699003
1311878319.726966 1311878319.728350
1311878319.798143 1311878319.798163
1311878319.862537 1311878319.862553
1311878319.895521 1311878319.895527
1311878319.962608 1311878319.962754
1311878319.995171 1311878319.995179
1311878320.061819 1311878320.061843
1311878320.129637 1311878320.129667
1311878320.261910 1311878320.261933
1311878320.330137 1311878320.330189
1311878320.359972 1311878320.359982
1311878320.498119 1311878320.498146
1311878320.528154 1311878320.527935
1311878320.595915 1311878320.595954
1311878320.661993 1311878320.662005
1311878320.729951 1311878320.729974
1311878320.866408 1311878320.866449
1311878320.929662 1311878320.929684
1311878320.998378 1311878320.998399
1311878321.097833 1311878321.097858
1311878321.165866 1311878321.165885
1311878321.194588 1311878321.194596
1311878321.265437 1311878321.265459
1311878321.329653 1311878321.336134
1311878321.397127 1311878321.397146
1311878321.427090 1311878321.427097
1311878321.497514 1311878321.497529
1311878321.566275 1311878321.566291
1311878321.630395 1311878321.630444
1311878321.697699 1311878321.698297
1311878321.766125 1311878321.766132
1311878321.829478 1311878321.829501
1311878321.898046 1311878321.898072
1311878321.966159 1311878321.966263
1311878322.030546 1311878322.030567
1311878322.098577 1311878322.098609
1311878322.166323 1311878322.166347
1311878322.233919 1311878322.233948
1311878322.297883 1311878322.297906
1311878322.330546 1311878322.330579
1311878322.397874 1311878322.398098
1311878322.465573 1311878322.466035
1311878322.530203 1311878322.530237
1311878322.563981 1311878322.563997
1311878322.634188 1311878322.634398
1311878322.697679 1311878322.698101
1311878322.730924 1311878322.730932
1311878322.764123 1311878322.767227
1311878322.794248 1311878322.794262
1311878322.833370 1311878322.833413
1311878322.933235 1311878322.933282
1311878322.964609 1311878322.964620
1311878322.994386 1311878322.994395
1311878323.034325 1311878323.034347
1311878323.064101 1311878323.064114
1311878323.133962 1311878323.133970
1311878323.163439 1311878323.163445
1311878323.234236 1311878323.234488
1311878323.297927 1311878323.297942
1311878323.366151 1311878323.366180
1311878323.502223 1311878323.502264
1311878323.532052 1311878323.531639
1311878323.601604 1311878323.601619
1311878323.666404 1311878323.668694
1311878323.733853 1311878323.733865
1311878323.801928 1311878323.801943
1311878323.830422 1311878323.830433
1311878323.968035 1311878323.974350
1311878323.998108 1311878323.998116
1311878324.032014 1311878324.032028
1311878324.103130 1311878324.102531
1311878324.166076 1311878324.166105
1311878324.198434 1311878324.198441
1311878324.401458 1311878324.401470
1311878324.534203 1311878324.534293
1311878324.598432 1311878324.598484
1311878324.669512 1311878324.676342
1311878324.770145 1311878324.771385
1311878324.834191 1311878324.834202
1311878324.901804 1311878324.902060
1311878324.971242 1311878324.971727
1311878324.999309 1311878325.003378
1311878325.070410 1311878325.070460
1311878325.134025 1311878325.134188
1311878325.201799 1311878325.201816
1311878325.269944 1311878325.270227
1311878325.333594 1311878325.333999
1311878325.402088 1311878325.402874
1311878325.471472 1311878325.472196
1311878325.601620 1311878325.601642
1311878325.670154 1311878325.671106
1311878325.700290 1311878325.701933
1311878325.837790 1311878325.837803
1311878325.901960 1311878325.901978
1311878325.934139 1311878325.934145
1311878326.070819 1311878326.070844
1311878326.098769 1311878326.098782
1311878326.238442 1311878326.238779
1311878326.302487 1311878326.302507
1311878326.369982 1311878326.370807
1311878326.438506 1311878326.438556
1311878326.466796 1311878326.466800
1311878326.538162 1311878326.538240
1311878326.698353 1311878326.698450
1311878326.769514 1311878326.769749
1311878326.798361 1311878326.798368
1311878327.034623 1311878327.034631
1311878327.438082 1311878327.438094
1311878327.605712 1311878327.606095
1311878327.634831 1311878327.638915
1311878327.666736 1311878327.666748
1311878327.704080 1311878327.704089
1311878327.734438 1311878327.734456
1311878327.807190 1311878327.807865
1311878327.937506 1311878327.937814
1311878328.069441 1311878328.069451
1311878328.206134 1311878328.206153
1311878328.272686 1311878328.274557
1311878328.337835 1311878328.337849
1311878328.406114 1311878328.406133
1311878328.473262 1311878328.473511
1311878328.538434 1311878328.538445
1311878328.673213 1311878328.673275
1311878328.737553 1311878328.737909
1311878328.935179 1311878328.935186
1311878329.006000 1311878329.006019
1311878329.034646 1311878329.034669
1311878329.110565 1311878329.103066
1311878329.172349 1311878329.172362
1311878329.208342 1311878329.202785
1311878329.373044 1311878329.373087
1311878329.437862 1311878329.438056
1311878329.504380 1311878329.504424
1311878329.539667 1311878329.539514
1311878329.605304 1311878329.607248
1311878329.638395 1311878329.642231
1311878329.670795 1311878329.670810
1311878329.807034 1311878329.805825
1311878329.873714 1311878329.873731
1311878330.004277 1311878330.004576
1311878330.139811 1311878330.139886
1311878330.273778 1311878330.273946
1311878330.341491 1311878330.341853
1311878330.472402 1311878330.472436
1311878330.541724 1311878330.541753
1311878330.702761 1311878330.702811
1311878330.738926 1311878330.738935
1311878330.808426 1311878330.808439
1311878330.871729 1311878330.871737
1311878330.941093 1311878330.941109
1311878330.973526 1311878330.973615
1311878331.509476 1311878331.509733
1311878331.539308 1311878331.539695
1311878331.571102 1311878331.571111
1311878331.606597 1311878331.606608
1311878331.638576 1311878331.638586
1311878331.708917 1311878331.708966
1311878331.773061 1311878331.773075
1311878331.908221 1311878331.908599
1311878332.139413 1311878332.139422
1311878332.209175 1311878332.209200
1311878332.409788 1311878332.409801
1311878332.476498 1311878332.476809
1311878332.939683 1311878332.939747
1311878333.006161 1311878333.006181
1311878333.077254 1311878333.077276
1311878333.106735 1311878333.106745
1311878333.138022 1311878333.138027
1311878333.174037 1311878333.174045
1311878333.206094 1311878333.206123
1311878333.276757 1311878333.276802
1311878333.444348 1311878333.444651
1311878333.575628 1311878333.575644
1311878333.605867 1311878333.605879
1311878333.676556 1311878333.676740
1311878333.706239 1311878333.706246
1311878333.807371 1311878333.807406
1311878333.844240 1311878333.844246
1311878333.874719 1311878333.874727
1311878333.907560 1311878333.907660
1311878333.941792 1311878333.945761
1311878334.009088 1311878334.012940
1311878334.076504 1311878334.077596
1311878334.144909 1311878334.145155
1311878334.208287 1311878334.208584
1311878334.245199 1311878334.245401
1311878334.308819 1311878334.308883
1311878334.341771 1311878334.341780
1311878334.476378 1311878334.478102
1311878334.545029 1311878334.545040
1311878334.776096 1311878334.776206
1311878334.810186 1311878334.810394
1311878334.944484 1311878334.944493
1311878334.974844 1311878334.974852
1311878335.044541 1311878335.044845
1311878335.177032 1311878335.177406
1311878335.209908 1311878335.209788
1311878335.311345 1311878335.311445
1311878335.377625 1311878335.377644
1311878335.474624 1311878335.474723
1311878335.577021 1311878335.576502
1311878335.641885 1311878335.642072
1311878335.711817 1311878335.711846
1311878335.742551 1311878335.742702
1311878335.813144 1311878335.813198
1311878335.880359 1311878335.880371
1311878335.945298 1311878335.945632
1311878335.978674 1311878335.978365
1311878336.045401 1311878336.045445
1311878336.182239 1311878336.182248
1311878336.313793 1311878336.313800
1311878336.642454 1311878336.642581
1311878336.712216 1311878336.712449
1311878336.742361 1311878336.742391
1311878336.778184 1311878336.778192
1311878337.078151 1311878337.082082
1311878337.109927 1311878337.109936
1311878337.181674 1311878337.181685
1311878337.248182 1311878337.248390
1311878337.345814 1311878337.345819
1311878337.413506 1311878337.413625
1311878337.480764 1311878337.480764
1311878337.509962 1311878337.509964
1311878337.549367 1311878337.549389
1311878337.612882 1311878337.612900
1311878337.878553 1311878337.878634
1311878338.011885 1311878338.011937
1311878338.078662 1311878338.078984
1311878338.282305 1311878338.282326
1311878338.314443 1311878338.319486
1311878338.349277 1311878338.349292
1311878338.378539 1311878338.378576
1311878338.450122 1311878338.452673
1311878338.582611 1311878338.582903
1311878338.646406 1311878338.646674
1311878338.678544 1311878338.678410
1311878338.714149 1311878338.714163
1311878338.949670 1311878338.949710
1311878339.081057 1311878339.082774
1311878339.149167 1311878339.153643
1311878339.349123 1311878339.349140
1311878339.485873 1311878339.486280
1311878339.616630 1311878339.616654
1311878339.682783 1311878339.682802
1311878339.748252 1311878339.748278
1311878339.783980 1311878339.783988
1311878339.848796 1311878339.848844
1311878340.017171 1311878340.018378
1311878340.084090 1311878340.088300
1311878340.148432 1311878340.148457
1311878340.217136 1311878340.217165
1311878340.348348 1311878340.348604
1311878340.585365 1311878340.585438
1311878340.615950 1311878340.615959
1311878340.751085 1311878340.751095
1311878340.781496 1311878340.781504
1311878340.852005 1311878340.852015
1311878340.882262 1311878340.882434
1311878341.084024 1311878341.084039
1311878341.216076 1311878341.216143
1311878341.284573 1311878341.284813
1311878341.414857 1311878341.415278
1311878341.481508 1311878341.481517
1311878341.615453 1311878341.615467
1311878341.683829 1311878341.684520
1311878341.752315 1311878341.754056
1311878341.816517 1311878341.816562
1311878341.920624 1311878341.921177
1311878341.987546 1311878341.984863
1311878342.017500 1311878342.018226
1311878342.084032 1311878342.087405
1311878342.352156 1311878342.352176
1311878342.654101 1311878342.654119
1311878342.719534 1311878342.721954
1311878342.789951 1311878342.783673
1311878342.884820 1311878342.884851
1311878342.918620 1311878342.918654
1311878342.949418 1311878342.949430
1311878342.982671 1311878342.982961
1311878343.052149 1311878343.052149
1311878343.081770 1311878343.081776
1311878343.118618 1311878343.118738
1311878343.149352 1311878343.149359
1311878343.287903 1311878343.288006
1311878343.352358 1311878343.352373
1311878343.420020 1311878343.420046
1311878343.517434 1311878343.517452
1311878343.552241 1311878343.552416
1311878343.586131 1311878343.586143
1311878343.688152 1311878343.688159
1311878343.752064 1311878343.752079
1311878343.820388 1311878343.820440
1311878343.918570 1311878343.918581
1311878343.949091 1311878343.949111
1311878343.987759 1311878343.987781
1311878344.319251 1311878344.319316
1311878344.555414 1311878344.555437
1311878344.655047 1311878344.655071
1311878344.754977 1311878344.755014
1311878344.952981 1311878344.956931
1311878344.984869 1311878344.985067
1311878345.016926 1311878345.016935
1311878345.086829 1311878345.086833
1311878345.152756 1311878345.152824
1311878345.222460 1311878345.218372
1311878345.286666 1311878345.286813
1311878345.354724 1311878345.355004
1311878345.418796 1311878345.419008
1311878345.486704 1311878345.487178
1311878345.517209 1311878345.517253
1311878345.586884 1311878345.587131
1311878345.655709 1311878345.655720
1311878345.685548 1311878345.685645
1311878345.753440 1311878345.753458
1311878345.785296 1311878345.788325
1311878345.822795 1311878345.824707
1311878345.855031 1311878345.857095
1311878346.055690 1311878346.055764
1311878346.123541 1311878346.123546
1311878346.354765 1311878346.354783
1311878346.453456 1311878346.453462
1311878346.655591 1311878346.655621
1311878346.685493 1311878346.685675
1311878346.855995 1311878346.856007
1311878346.923327 1311878346.923349
1311878347.155208 1311878347.157172
1311878347.292864 1311878347.292879
1311878347.322574 1311878347.322619
1311878347.491901 1311878347.491924
1311878347.592363 1311878347.592376
1311878347.654982 1311878347.655024
1311878347.756439 1311878347.756654
1311878347.791970 1311878347.791990
1311878347.856986 1311878347.858303
1311878347.924808 1311878347.925035
1311878347.991304 1311878347.991312
1311878348.061144 1311878348.061157
1311878348.224972 1311878348.225008
1311878348.257453 1311878348.257510
1311878348.658642 1311878348.658669
1311878348.789267 1311878348.789273
1311878348.859304 1311878348.859321
1311878348.889943 1311878348.889950
1311878348.924339 1311878348.924424
1311878348.957383 1311878348.957397
1311878348.989862 1311878348.989753
1311878349.022403 1311878349.023767
1311878349.058167 1311878349.058176
1311878349.091840 1311878349.091847
1311878349.122333 1311878349.127042
1311878349.157612 1311878349.157624
1311878349.224465 1311878349.227440
1311878349.327086 1311878349.327132
